0 
0 125 179 197 199 242 300 401 561 671 690 691 692 723 770 806 863 971 973 976 981 1024 1100 1143 1210 1312 1315 1320 1332 1333 1351 1367 1477 1544 1556 1558 1579 1634 1654 1658 1668 1689 1733 1739 1741 1764 1835 1860 1877 1894 1918 1922 1988 2071 2263 2334 2335 2436 2546 2656 2877 2987 2996 1588 1703 1758 1923 2033 2528 2583 2693 2748 2858 2913 3024 1319 
3024 2913 2858 2748 2693 2583 2528 2033 1922 1923 1918 1758 1703 2996 1860 1588 1315 1477 2071 1319 1367 2987 1312 1689 2877 1634 1579 1741 2335 2334 1739 2656 981 1143 2546 2436 1733 976 1894 973 1351 863 971 1835 1024 806 2263 1668 1558 692 1556 1988 691 690 1877 1658 199 1333 1332 1764 197 1654 1544 300 242 1320 401 671 1210 561 723 1100 125 179 770 55 
3024 2913 2858 2748 2693 2583 2528 2033 1922 1923 2835 1918 1758 1703 1860 1588 1315 1477 2071 2446 1319 1367 2447 1312 1689 1634 1579 1741 2335 2116 1739 981 1143 1733 976 973 1351 863 971 1835 1889 1024 806 1668 1558 692 691 690 1388 199 1333 1275 197 1216 1105 300 995 242 939 401 671 773 718 561 723 663 333 125 179 165 110 
2913 2858 2748 3024 2693 2583 2528 2033 1922 1923 1918 1758 1703 1860 3000 2998 1588 1315 1477 2071 2881 1319 2994 1367 2447 2993 1312 1689 1634 2768 1579 1741 2335 2389 1739 2657 981 1143 2547 2437 1733 1949 976 1948 973 1351 863 971 1835 1889 1024 1888 806 2264 1723 1668 1558 1611 1989 692 691 690 1878 1498 1714 1659 1713 1388 199 1333 1387 1765 1386 197 1655 1545 300 1325 1270 1215 1104 242 994 401 671 561 723 772 717 125 179 662 551 496 441 331 166 111 
2913 2858 2748 2693 2583 2528 3024 2033 1922 1923 1918 1758 1703 1860 3000 2998 1588 1315 1477 2071 2881 2994 1367 2447 2993 1312 1689 1634 2768 1579 1741 2335 2389 1319 1739 2657 981 1143 2547 2437 1733 1949 976 1948 973 1351 971 1835 1889 914 1024 1888 2264 1723 1668 1558 1611 1989 692 691 688 690 1878 578 1498 1714 1659 1713 1388 1333 1387 1765 1386 1655 1545 517 515 1325 1270 513 1215 401 671 1102 561 723 342 991 881 338 340 826 112 111 110 
2858 2748 2693 2913 2583 2528 3024 2033 1923 1867 1921 1758 1703 1863 1588 3000 2998 1260 2016 1319 2994 2993 1688 1633 1578 1686 2334 2877 2933 1684 2656 926 2546 2436 1678 1894 1350 808 1780 751 2263 1557 1556 1988 474 473 1877 470 1658 468 1332 1764 1654 1544 462 460 458 1321 1211 346 400 670 1101 560 668 990 285 232 880 825 660 605 167 550 228 495 440 330 
2913 2858 2748 2693 2583 2528 3024 2033 1923 1867 1921 1758 1703 1863 3000 2998 1588 2994 2993 1260 2016 1319 2877 2933 1688 1633 1578 1686 2334 1684 2656 926 2546 2436 1678 1894 1350 808 1780 751 2263 1557 1556 1988 474 473 1877 470 1658 468 1332 1764 1654 1544 462 460 458 1321 1211 346 400 670 1101 560 668 990 232 880 825 222 230 228 275 
223 278 333 661 716 228 230 232 346 400 458 460 462 468 470 473 474 560 668 670 751 808 825 880 926 990 1101 1211 1260 1321 1332 1350 1544 1556 1557 1578 1588 1633 1654 1658 1678 1684 1686 1688 1764 1780 1863 1867 1877 1894 1921 1988 2016 2263 2334 2436 2546 2656 2877 2933 2993 2994 2998 3000 1703 1758 1923 2033 2528 2583 2693 2748 2858 2913 1319 3024 
2913 2858 2748 2693 2583 2528 3024 2033 1923 1867 1921 1758 1703 1863 3000 2998 1588 2994 2993 1260 2016 1319 2877 2933 1688 1633 1578 1686 2334 1684 2656 926 2546 2436 1678 1894 1350 808 1780 751 2263 1557 1556 1988 474 473 1877 470 1658 468 1332 1764 1654 1544 462 460 458 1321 1211 346 400 670 1101 560 668 990 333 716 224 278 232 880 661 825 230 228 
2858 2748 2693 2913 2583 2528 3024 2033 1923 1867 1921 1758 1703 1863 1588 3000 2998 1260 2016 1319 2994 2993 1688 1633 1578 1686 2334 2877 2933 1684 2656 926 2546 2436 1678 1894 1350 808 1780 751 2263 1557 1556 1988 474 473 1877 470 1658 468 1332 1764 1654 1544 462 460 458 1321 1211 346 400 670 1101 560 668 990 279 232 880 825 230 278 228 660 605 550 495 440 330 
2858 2748 2693 2913 2583 2528 3024 2033 1923 1867 1921 1758 1703 1863 1588 3000 1319 2998 1260 2016 2994 2993 1688 1633 1578 1686 2334 2877 2933 1684 2656 926 2546 2436 1678 1894 1350 808 1780 751 2263 1557 1556 1988 474 473 1877 470 1658 468 1332 1764 1654 1544 462 460 458 1321 1211 346 400 670 1101 560 668 334 990 232 880 825 230 228 606 660 
2913 2858 2748 3024 2693 2583 2528 2033 1923 1867 1921 1758 1703 1863 3000 2998 1588 1319 2994 2993 1260 2016 2877 2933 1688 1633 1578 1686 2334 1684 2656 926 2546 2436 1678 1894 1350 808 1780 751 2263 1557 1556 1988 474 473 1877 470 1658 468 1332 1764 1654 1544 462 460 458 1321 1211 346 400 670 1101 560 668 389 990 232 880 825 230 228 606 660 
2913 2858 2748 2693 2583 2528 3024 2033 1923 1867 1921 1758 1703 1863 3000 2998 1588 2994 2993 1260 2016 1319 2877 2933 1688 1633 1578 1686 2334 1684 2656 926 2546 2436 1678 1894 1350 808 1780 751 2263 1557 1556 1988 474 473 1877 470 1658 468 1332 1764 1654 1544 462 460 1324 720 458 1214 1103 993 555 346 400 670 444 560 668 232 230 228 
2913 2858 2748 3024 2693 2583 2528 2033 1923 1867 1921 1758 1703 1863 3000 2998 1588 1319 2994 2993 1260 2016 2877 2933 1688 1633 1578 1686 2334 1684 2656 926 2546 2436 1678 1894 1350 808 1780 751 2263 1557 1556 1988 474 473 1877 470 1658 468 1332 1764 1654 1544 462 460 1324 458 1214 719 346 400 670 1102 445 560 668 992 554 232 230 228 
2913 2858 2748 2693 2583 2528 3024 2033 1923 1867 1921 1758 1703 1863 3000 2998 2775 1588 2500 1260 2016 1319 1688 1633 1578 1686 2334 2115 1684 926 1678 1944 1350 808 1780 1888 1723 751 1225 1557 1115 474 473 470 1387 468 1332 893 462 460 458 501 446 346 400 670 560 391 232 336 230 228 
447 1114 1224 1003 232 285 346 400 458 460 462 468 470 473 474 560 670 751 808 892 926 947 1260 1332 1350 1387 1557 1578 1588 1633 1678 1684 1686 1688 1777 1780 1863 1867 1888 1921 1943 1948 1949 1998 2016 2053 2108 2218 2330 2334 2385 2389 2440 2551 2773 2998 3000 1703 1758 1923 2033 2528 2583 2693 2748 2858 2913 1319 3024 
2913 2858 2748 2693 2583 2528 3024 2033 1923 1867 1921 1758 1703 1863 3000 2998 1588 2773 1260 2016 1319 1688 1633 2389 2551 1578 1686 2334 1684 2440 2385 926 2330 1949 1678 1948 2218 2108 2053 1350 1998 1943 808 1780 1888 751 1777 1557 474 1224 473 1114 470 1387 468 1332 1003 462 947 460 892 458 448 346 400 670 560 232 285 
2913 2858 2748 3024 2693 2583 2528 2033 1923 1867 1921 1758 1703 1863 3000 2998 1588 1319 2773 1260 2016 1688 1633 2389 2551 1578 1686 2334 1684 2440 2385 926 2330 1949 1678 1948 2218 2108 2053 1350 1998 1943 808 1780 1888 751 1777 1557 474 473 470 1387 468 1332 1167 1112 462 1002 947 460 892 458 449 346 400 670 560 232 285 
3024 2913 2858 2748 2693 2583 2528 2033 1923 1867 1921 3000 1758 1703 2998 1863 1588 1319 2773 1260 2016 1688 1633 2389 2551 1578 1686 2334 1684 2440 2385 926 2330 1949 1678 1948 2218 2108 2053 1350 1998 1943 808 1780 1888 751 1777 1557 474 473 470 1387 468 1332 1167 1112 462 1002 947 460 892 450 458 346 400 670 560 232 285 
3024 2913 2858 2748 2693 2583 2528 3000 2033 2998 1923 1867 1921 1758 1703 1863 1588 1319 2773 1260 2016 1688 1633 2389 2551 1578 1686 2334 1684 2440 2385 926 2330 1949 1678 1948 2218 2108 2053 1350 1998 1943 808 1780 1888 751 1777 1557 474 473 470 1387 468 1332 1167 1112 462 1002 947 460 892 451 458 346 400 670 560 
452 2997 346 400 458 460 462 468 470 473 474 560 670 751 808 892 926 947 1002 1112 1167 1260 1332 1350 1387 1557 1578 1588 1633 1678 1684 1686 1688 1703 1758 1777 1780 1863 1867 1888 1921 1923 1943 1948 1949 1998 2016 2033 2053 2108 2218 2330 2334 2385 2389 2440 2528 2551 2583 2693 2748 2773 2858 2913 3024 1319 
453 2997 346 400 458 460 462 468 470 473 474 560 670 751 808 892 926 947 1002 1112 1167 1260 1332 1350 1387 1557 1578 1588 1633 1678 1684 1686 1688 1777 1780 1863 1867 1888 1921 1943 1948 1949 1998 2016 2053 2108 2218 2330 2334 2385 2389 2440 2551 2773 1703 1758 1923 2033 2528 2583 2693 2748 2858 2913 3024 1319 
454 346 400 458 460 462 468 470 473 474 560 670 751 808 892 926 947 1002 1112 1167 1260 1332 1350 1387 1557 1578 1588 1633 1678 1684 1686 1688 1777 1780 1863 1867 1888 1921 1943 1948 1949 1998 2016 2053 2108 2218 2330 2334 2385 2389 2440 2551 2773 2997 1703 1758 1923 2033 2528 2583 2693 2748 2858 2913 3024 1319 
509 346 400 458 460 462 468 470 473 474 560 670 751 808 892 926 947 1002 1112 1167 1260 1332 1350 1387 1557 1578 1588 1633 1678 1684 1686 1688 1777 1780 1863 1888 1921 1943 1948 1949 1998 2016 2053 2108 2218 2330 2334 2385 2389 2440 2551 2773 2997 1867 1703 1758 1923 2033 2528 2583 2693 2748 2858 2913 3024 1319 
564 673 346 400 458 460 462 468 470 473 474 751 808 892 926 947 1002 1112 1167 1260 1332 1350 1387 1557 1578 1588 1633 1678 1684 1686 1688 1777 1780 1863 1867 1888 1921 1943 1948 1949 1998 2016 2053 2108 2218 2330 2334 2385 2389 2440 2551 2773 2997 1703 1758 1923 2033 2528 2583 2693 2748 2858 2913 3024 1319 
565 620 675 839 346 400 458 460 462 468 470 473 474 751 808 892 926 947 1002 1112 1167 1260 1332 1350 1387 1557 1578 1588 1633 1678 1684 1686 1688 1777 1780 1863 1867 1888 1921 1943 1948 1949 1998 2016 2053 2108 2218 2330 2334 2385 2389 2440 2551 2773 1703 1758 1923 2033 2528 2583 2693 2748 2858 2913 2997 1319 3024 
566 620 675 839 458 460 462 468 470 473 474 751 808 892 926 947 1002 1112 1167 1260 1332 1350 1387 1557 1578 1588 1633 1678 1684 1686 1688 1777 1780 1863 1888 1921 1943 1948 1949 1998 2016 2053 2108 2218 2330 2334 2385 2389 2440 2551 2773 1867 2997 1703 1758 1923 2033 2528 2583 2693 2748 2858 2913 1319 3024 
621 675 839 458 460 462 468 470 473 474 751 808 892 926 947 1002 1112 1167 1260 1332 1350 1387 1557 1578 1588 1633 1678 1684 1686 1688 1777 1780 1863 1888 1943 1948 1949 1998 2016 2053 2108 2218 2330 2334 2385 2389 2440 2551 2773 1921 2997 1867 1703 1758 1923 2033 2528 2583 2693 2748 2858 2913 1319 3024 
676 1066 1176 1453 1563 1673 1783 788 458 460 462 468 470 473 474 751 808 926 1260 1350 1578 1588 1633 1678 1684 1686 1688 1863 1921 2016 2114 2334 2499 2774 1867 2997 1703 1758 1923 2033 2528 2583 2693 2748 2858 2913 1319 3024 
677 1066 1176 1453 1563 1673 1783 788 458 460 462 468 470 473 474 751 808 926 1260 1350 1578 1588 1633 1678 1684 1686 1688 1863 2016 2114 2334 2499 2774 1921 2997 1867 1703 1758 1923 2033 2528 2583 2693 2748 2858 2913 1319 3024 
678 1066 1176 1453 1563 1673 1783 623 788 568 460 462 468 470 473 474 751 808 926 1260 1350 1578 1588 1633 1678 1684 1686 1688 1863 1921 2016 2114 2334 2499 2774 1867 2997 1703 1758 1923 2033 2528 2583 2693 2748 2858 2913 1319 3024 
679 1066 1176 1453 1563 1673 1783 624 788 569 460 462 468 470 473 474 751 808 926 1260 1350 1578 1588 1633 1678 1684 1686 1688 1863 1867 1921 2016 2114 2334 2499 2774 1703 1758 1923 2033 2528 2583 2693 2748 2858 2913 2997 1319 3024 
2913 2858 2748 2693 2583 2528 3024 2033 1923 1867 1921 1758 1703 1863 1588 2997 2774 1260 2016 1319 2499 1688 1633 1578 1686 2334 1684 1783 926 2114 1673 1563 1678 973 1453 971 1350 859 1176 1066 688 680 684 788 
2858 2748 2693 2913 2583 2528 3024 2033 1923 1867 1921 1758 1703 1863 1588 2774 1260 2016 1319 2997 2499 1688 1633 1578 1686 2334 1684 926 2114 1678 1350 1890 863 806 1669 804 1559 1448 1393 1338 735 633 1118 955 1009 629 896 841 
2913 2858 2748 2693 2583 2528 3024 2033 1923 1867 1921 1758 1703 1863 1588 2997 2774 1260 2016 1319 2499 1688 1633 1578 1686 2334 1684 926 2114 1678 1350 1890 863 806 1669 804 1559 1448 1393 790 1338 633 1118 955 1009 629 
2858 2748 2693 2913 2583 2528 3024 2033 1923 1867 1921 1758 1703 1863 1588 2774 1260 2016 1319 2997 2499 1688 1633 1578 1686 2334 1684 926 2114 1678 1350 1890 863 806 1669 804 1559 846 1448 791 1393 1338 633 1118 955 1009 629 
2913 2858 2748 2693 2583 2528 3024 2033 1923 1867 1921 1758 1703 1863 1588 2997 2774 1260 2016 1319 2499 1688 1633 1578 1686 2334 1684 926 2114 1678 1350 1890 863 806 1669 804 1559 792 1448 1393 1338 791 633 1118 955 1009 629 
847 1233 1288 1397 1451 1506 1561 1671 1726 629 633 804 806 863 926 1260 1350 1578 1588 1633 1678 1684 1686 1688 1863 1867 1890 1921 2016 2114 2334 2499 2774 1703 1758 1923 2033 2528 2583 2693 2748 2858 2913 2997 1319 3024 
848 1233 1288 1397 1451 1506 1561 1671 1726 629 633 804 806 863 926 1260 1350 1578 1588 1633 1678 1684 1686 1688 1863 1890 1921 2016 2114 2334 2499 2774 1867 2997 1703 1758 1923 2033 2528 2583 2693 2748 2858 2913 1319 3024 
1071 1126 849 1233 1239 1288 1801 1912 1397 1451 1506 1561 1671 1726 1860 1861 1678 1684 1686 1863 1890 2016 2114 2334 2499 2774 1921 2997 1867 1923 2033 2583 2693 2748 2913 3024 
1071 1126 904 1233 1239 1288 1801 1912 1397 1451 1506 1561 1671 1726 1860 1861 1678 1684 1686 1863 1890 1921 2016 2114 2334 2499 2774 1867 2997 1923 2033 2583 2693 2748 2913 3024 
1071 1126 959 1233 1239 1288 1801 1912 1397 1451 1506 1561 1671 1726 1860 1861 1678 1684 1686 1863 1890 1921 2016 2114 2334 2499 2774 2997 1867 1923 2033 2583 2693 2748 2913 3024 
1071 1126 1014 1233 1239 1288 1801 1912 1397 1451 1506 1561 1671 1726 1860 1861 1678 1684 1686 1863 1867 1890 1921 2016 2114 2334 2499 2774 2997 1923 2033 2583 2693 2748 2913 3024 
1125 1180 1235 1069 1233 1288 1801 1912 1397 1451 1506 1561 1671 1726 1860 1861 1678 1684 1686 1863 1867 1890 1921 2016 2114 2334 2499 2774 1923 2033 2583 2693 2748 2913 2997 3024 
1180 1235 1124 1233 1288 1801 1912 1397 1451 1506 1561 1671 1726 1860 1861 1678 1684 1686 1863 1890 1921 2016 2114 2334 2499 2774 1867 2997 1923 2033 2583 2693 2748 2913 3024 
1235 1179 1233 1288 1801 1912 1397 1451 1506 1561 1671 1726 1860 1861 1678 1684 1686 1863 1890 2016 2114 2334 2499 2774 1921 2997 1867 1923 2033 2583 2693 2748 2913 3024 
1234 1288 1801 1912 1397 1451 1506 1561 1671 1726 1860 1861 1678 1684 1686 1863 1890 2016 2114 2334 2499 2774 2997 1921 1867 1923 2033 2583 2693 2748 2913 3024 
1289 1801 1912 1397 1451 1506 1561 1671 1726 1860 1861 1678 1684 1686 1863 1890 1921 2016 2114 2334 2499 2774 2997 1867 1923 2033 2583 2693 2748 2913 3024 
1344 1801 1912 1397 1451 1506 1561 1671 1726 1860 1861 1678 1684 1686 1863 1890 2016 2114 2334 2499 2774 2997 1921 1867 1923 2033 2583 2693 2748 2913 3024 
1399 1801 1912 1397 1451 1506 1561 1671 1726 1860 1861 1678 1684 1686 1863 1890 1921 2016 2114 2334 2499 2774 2997 1867 1923 2033 2583 2693 2748 2913 3024 
1454 1801 1912 1507 1561 1671 1726 1860 1861 1678 1684 1686 1863 1890 1921 2016 2114 2334 2499 2774 1867 2997 1923 2033 2583 2693 2748 2913 3024 
1509 1801 1912 1507 1561 1671 1726 1860 1861 1678 1684 1686 1863 1890 1921 2016 2114 2334 2499 2774 2997 1867 1923 2033 2583 2693 2748 2913 3024 
1564 1801 1912 1671 1726 1860 1861 1678 1684 1686 1863 1890 1921 2016 2114 2334 2499 2774 1867 2997 1923 2033 2583 2693 2748 2913 3024 
1619 1801 1912 1671 1726 1860 1861 1678 1684 1686 1863 1890 1921 2016 2114 2334 2499 2774 2997 1867 1923 2033 2583 2693 2748 2913 3024 
1674 1801 1912 1727 1860 1861 1678 1684 1686 1863 1867 1890 1921 2016 2114 2334 2499 2774 2997 1923 2033 2583 2693 2748 2913 3024 
1729 1784 1801 1912 1860 1861 1678 1684 1686 1863 1921 2016 2114 2334 2499 2774 2997 1867 1923 2033 2583 2693 2748 2913 3024 
1730 1784 1801 1912 1860 1861 1678 1684 1686 1863 2016 2114 2334 2499 2774 2997 1921 1867 1923 2033 2583 2693 2748 2913 3024 
1785 1840 1801 1912 1860 1861 2997 1678 1684 1686 1863 2016 2114 2334 2499 2774 1921 1867 1923 2033 2583 2693 2748 2913 3024 
1786 1840 1801 1912 1860 1861 2997 1678 1684 1686 1863 2016 2114 2334 2499 2774 1921 1867 1923 2033 2583 2693 2748 2913 3024 
2997 1861 1912 3024 1863 1860 2913 1801 2748 2693 2583 2774 2016 1921 2499 1841 1686 2334 1867 2033 1684 1923 2114 1678 
1896 2010 2065 2120 2175 2230 2344 2785 3009 1801 1912 2674 1860 1861 1678 1684 1686 1863 2016 1921 1867 1923 2033 2583 2693 2748 2913 3024 
1897 2010 2065 2120 2175 2230 2344 2785 3009 1801 1912 2674 1860 1861 1678 1684 1686 1863 2016 1921 1867 1923 2033 2583 2693 2748 2913 3024 
1898 2010 2065 2120 2175 2230 2344 2785 1801 1912 2674 3009 1791 1860 1861 1684 1686 1863 2016 1921 1867 1923 2033 2583 2693 2748 2913 3024 
1899 2010 2065 2120 2175 2230 2344 2785 3009 1801 1912 2674 1791 1860 1861 1684 1686 1863 2016 1921 1867 1923 2033 2583 2693 2748 2913 3024 
1900 2010 2065 2120 2175 2230 2344 2785 1801 1912 2674 3009 1791 1860 1861 1684 1686 1863 2016 1921 1867 1923 2033 2583 2693 2748 2913 3024 
1901 1956 2011 2066 2121 2344 2785 1801 1912 2674 3009 1791 1860 1861 1684 1686 1863 1921 2016 1867 1923 2033 2583 2693 2748 2913 3024 
1902 1957 2012 2344 2785 1801 1912 2674 3009 1860 1861 1684 1686 1863 2016 1921 1867 1923 2033 2583 2693 2748 2913 3024 
1903 1958 2013 2344 2785 1801 1912 2674 1860 1861 3009 1684 1686 1863 2016 1921 1867 1923 2033 2583 2693 2748 2913 3024 
1904 2238 2514 2569 2846 2901 1912 3013 1855 1860 1861 1863 2016 1921 1867 1923 2033 2583 2693 2748 2913 3024 
1905 2238 2514 2569 2846 2901 3013 1912 1855 1860 1861 1863 2016 1921 1867 1923 2033 2583 2693 2748 2913 3024 
1906 2238 2514 2569 2846 2901 3013 1912 1855 1860 1861 1863 2016 1921 1867 1923 2033 2583 2693 2748 2913 3024 
3013 2901 2846 2569 2514 2238 1861 1912 3024 1863 1860 2913 1907 2748 2693 1855 2583 2016 1921 1867 2033 1923 
1908 1912 2237 2513 2568 2845 2900 2955 3010 3012 1855 1860 1861 1863 2016 1921 1867 1923 2033 2583 2693 2748 2913 3024 
1963 1912 2237 2513 2568 2845 2900 2955 3010 3012 1855 1860 1861 1863 2016 1921 1867 1923 2033 2583 2693 2748 2913 3024 
2018 2353 2518 2573 2683 2794 2849 1912 2961 1855 1860 1861 1863 1921 1867 1923 2033 2583 2693 2748 2913 3024 
2961 2849 2794 2683 2573 2518 2353 2019 1861 1912 3024 1863 1860 2913 2748 2693 1855 2583 1921 1867 2033 1923 
2020 2352 2517 2572 2682 2737 2793 2958 2961 3013 1860 1861 1863 1921 1867 1923 2033 2583 2693 2748 2913 3024 
2021 2352 2517 2572 2682 2737 2793 2958 2961 3013 1860 1861 1863 1921 1867 1923 2033 2583 2693 2748 2913 3024 
2022 2352 2517 2572 2682 2737 2793 2958 2961 3013 1860 1861 1863 1921 1867 1923 2033 2583 2693 2748 2913 3024 
2023 2352 2517 2572 2682 2737 2793 2958 2961 3013 1860 1861 1863 1921 1867 1923 2033 2583 2693 2748 2913 3024 
2136 2247 2024 2250 2352 2517 2572 2682 2737 2793 2958 2961 3013 2252 2583 2693 2748 2913 3024 
2136 2247 2079 2250 2352 2517 2572 2682 2737 2793 2958 2961 3013 2252 2583 2693 2748 2913 3024 
2247 2134 2250 2352 2517 2572 2682 2737 2793 2958 2961 3013 2252 2583 2693 2748 2913 3024 
2247 2189 2250 2352 2517 2572 2682 2737 2793 2958 2961 2252 3013 2583 2693 2748 2913 3024 
2244 2250 2352 2517 2572 2682 2737 2793 2252 2958 2961 3013 2583 2693 2748 2913 3024 
2299 2250 2352 2517 2572 2682 2737 2793 2958 2961 2252 3013 2583 2693 2748 2913 3024 
2354 2465 2797 2250 2252 2961 2583 2693 2748 2913 3024 
2355 2465 2797 2250 2961 2252 2583 2693 2748 2913 3024 
2580 2356 2465 2797 2961 2913 3024 
2580 2411 2465 2797 2961 2913 3024 
2580 2466 2797 2961 2913 3024 
2580 2521 2797 2961 2913 3024 
2580 2576 2797 2961 2913 3024 
2580 2577 2632 2797 2961 2913 3024 
2578 2632 2797 2961 2913 3024 
2633 2797 2961 2913 3024 
2797 2913 2688 2961 3024 
2743 2913 3024 3016 2849 2686 2740 2794 
2798 2914 3024 2858 3016 
3024 2853 2969 2859 3015 2858 
2908 3024 2858 2969 2859 
3024 2909 2969 2859 2858 
2910 2965 3024 2858 2969 2859 
2966 2911 3024 2969 2859 2858 
2912 2911 3024 2910 3019 
2969 2967 2859 2858 2911 
2858 2859 2912 3024 
2858 2859 2912 3024 
