3023 3022 2967 2912 2911 2910 2909 2908 2853 2798 2743 2688 2633 2578 2577 2576 2521 2466 2411 2356 2355 2354 2299 2244 2189 2134 2079 2024 2023 2022 2021 2020 2019 2018 1963 1908 1907 1906 1905 1904 1903 1902 1901 1900 1899 1898 1897 1896 1841 1786 1785 1730 1729 1674 1619 1564 1509 1454 1399 1344 1289 1234 1179 1124 1069 1014 959 904 849 848 847 792 791 790 735 680 679 678 677 676 621 566 565 564 509 454 453 452 451 450 449 448 447 446 445 444 389 334 279 224 223 222 167 112 111 110 55 0 
3022 2967 2912 2911 2910 2909 2908 2853 2798 2743 2688 2633 2578 2577 2576 2521 2466 2411 2356 2355 2354 2299 2244 2189 2134 2079 2024 2023 2022 2021 2020 2019 2018 1963 1908 1907 1906 1905 1904 1903 1902 1901 1900 1899 1898 1897 1896 1841 1786 1785 1730 1729 1674 1619 1564 1509 1454 1399 1344 1289 1234 1179 1124 1069 1014 959 904 849 848 847 792 791 790 735 680 679 678 677 676 621 566 565 564 509 454 453 452 451 450 449 448 447 446 445 444 389 334 279 224 223 222 167 112 111 110 55 
3023 3022 2967 2912 2911 2910 2909 2908 2853 2798 2743 2688 2633 2578 2577 2576 2521 2466 2411 2356 2355 2354 2299 2244 2189 2134 2079 2024 2023 2022 2021 2020 2019 2018 1963 1908 1907 1906 1905 1904 1903 1902 1901 1900 1899 1898 1897 1896 1841 1786 1785 1730 1729 1674 1619 1564 1509 1454 1399 1344 1289 1234 1179 1124 1069 1014 959 904 849 848 847 792 791 790 735 680 679 678 677 676 621 566 565 564 509 454 453 452 451 450 449 448 447 446 445 444 389 334 279 224 223 222 167 112 111 110 
2914 2859 2804 2749 2694 2639 2584 2529 2474 2419 2364 2309 2254 2199 2144 2089 2034 1979 1924 1869 1814 1759 1704 1649 1594 1593 1592 1591 1590 1589 1534 1479 1478 1423 1368 1313 1258 1203 1148 1147 1146 1145 1144 1089 1034 1033 1032 1031 1030 1029 1028 1027 1026 1025 1080 1135 1134 1133 1132 1131 1130 1075 1074 1073 1018 963 908 907 906 851 850 849 848 847 792 791 790 735 680 679 678 677 676 621 566 565 564 509 454 453 452 451 450 449 448 447 446 445 444 389 334 279 224 223 222 167 112 111 
2859 2804 2749 2694 2639 2584 2529 2474 2419 2364 2309 2254 2199 2144 2089 2034 1979 1924 1869 1814 1759 1704 1649 1594 1593 1592 1591 1590 1589 1534 1479 1478 1423 1368 1313 1258 1203 1148 1147 1146 1145 1144 1089 1034 1033 1032 1031 1030 1029 1028 1027 1026 1025 1080 1135 1134 1133 1132 1131 1130 1075 1074 1073 1018 963 908 907 906 851 850 849 848 847 792 791 790 735 680 679 678 677 676 621 566 565 564 509 454 453 452 451 450 449 448 447 446 445 444 389 334 279 224 223 222 167 112 
2912 2911 2910 2909 2908 2853 2798 2743 2688 2633 2578 2577 2576 2521 2466 2411 2356 2355 2354 2299 2244 2189 2134 2079 2024 2023 2022 2021 2020 2019 2018 1963 1908 1907 1906 1905 1904 1903 1902 1901 1900 1899 1898 1897 1896 1841 1786 1785 1730 1729 1674 1619 1564 1509 1454 1399 1344 1289 1234 1179 1124 1069 1014 959 904 849 848 847 792 791 790 735 680 679 678 677 676 621 566 565 564 509 454 453 452 451 450 449 448 447 446 445 444 389 334 279 224 223 222 167 
2859 2804 2749 2694 2639 2584 2529 2474 2419 2364 2309 2254 2199 2144 2089 2034 1979 1924 1869 1814 1759 1704 1649 1594 1593 1592 1591 1590 1589 1534 1479 1478 1423 1368 1313 1258 1203 1148 1147 1146 1145 1144 1089 1034 1033 1032 1031 1030 1029 1028 1027 1026 1025 1080 1135 1134 1133 1132 1131 1130 1075 1074 1073 1018 963 908 907 906 851 850 849 848 847 792 791 790 735 680 679 678 677 676 621 566 565 564 509 454 453 452 451 450 449 448 447 446 445 444 389 334 279 224 223 222 
2912 2911 2910 2909 2908 2853 2798 2743 2688 2633 2578 2577 2576 2521 2466 2411 2356 2355 2354 2299 2244 2189 2134 2079 2024 2023 2022 2021 2020 2019 2018 1963 1908 1907 1906 1905 1904 1903 1902 1901 1900 1899 1898 1897 1896 1841 1786 1785 1730 1729 1674 1619 1564 1509 1454 1399 1344 1289 1234 1179 1124 1069 1014 959 904 849 848 847 792 791 790 735 680 679 678 677 676 621 566 565 564 509 454 453 452 451 450 449 448 447 446 445 444 389 334 279 224 223 
2911 2910 2909 2908 2853 2798 2743 2688 2633 2578 2577 2576 2521 2466 2411 2356 2355 2354 2299 2244 2189 2134 2079 2024 2023 2022 2021 2020 2019 2018 1963 1908 1907 1906 1905 1904 1903 1902 1901 1900 1899 1898 1897 1896 1841 1786 1785 1730 1729 1674 1619 1564 1509 1454 1399 1344 1289 1234 1179 1124 1069 1014 959 904 849 848 847 792 791 790 735 680 679 678 677 676 621 566 565 564 509 454 453 452 451 450 449 448 447 446 445 444 389 334 279 224 
2912 2911 2910 2909 2908 2853 2798 2743 2688 2633 2578 2577 2576 2521 2466 2411 2356 2355 2354 2299 2244 2189 2134 2079 2024 2023 2022 2021 2020 2019 2018 1963 1908 1907 1906 1905 1904 1903 1902 1901 1900 1899 1898 1897 1896 1841 1786 1785 1730 1729 1674 1619 1564 1509 1454 1399 1344 1289 1234 1179 1124 1069 1014 959 904 849 848 847 792 791 790 735 680 679 678 677 676 621 566 565 564 509 454 453 452 451 450 449 448 447 446 445 444 389 334 279 
2859 2804 2749 2694 2639 2584 2529 2474 2419 2364 2309 2254 2199 2144 2089 2034 1979 1924 1869 1814 1759 1704 1649 1594 1593 1592 1591 1590 1589 1534 1479 1478 1423 1368 1313 1258 1203 1148 1147 1146 1145 1144 1089 1034 1033 1032 1031 1030 1029 1028 1027 1026 1025 1080 1135 1134 1133 1132 1131 1130 1075 1074 1073 1018 963 908 907 906 851 850 849 848 847 792 791 790 735 680 679 678 677 676 621 566 565 564 509 454 453 452 451 450 449 448 447 446 445 444 389 334 
2804 2749 2694 2639 2584 2529 2474 2419 2364 2309 2254 2199 2144 2089 2034 1979 1924 1869 1814 1759 1704 1649 1594 1593 1592 1591 1590 1589 1534 1479 1478 1423 1368 1313 1258 1203 1148 1147 1146 1145 1144 1089 1034 1033 1032 1031 1030 1029 1028 1027 1026 1025 1080 1135 1134 1133 1132 1131 1130 1075 1074 1073 1018 963 908 907 906 851 850 849 848 847 792 791 790 735 680 679 678 677 676 621 566 565 564 509 454 453 452 451 450 449 448 447 446 445 444 389 
2859 2804 2749 2694 2639 2584 2529 2474 2419 2364 2309 2254 2199 2144 2089 2034 1979 1924 1869 1814 1759 1704 1649 1594 1593 1592 1591 1590 1589 1534 1479 1478 1423 1368 1313 1258 1203 1148 1147 1146 1145 1144 1089 1034 1033 1032 1031 1030 1029 1028 1027 1026 1025 1080 1135 1134 1133 1132 1131 1130 1075 1074 1073 1018 963 908 907 906 851 850 849 848 847 792 791 790 735 680 679 678 677 676 621 566 565 564 509 454 453 452 451 450 449 448 447 446 445 444 
2912 2911 2910 2909 2908 2853 2798 2743 2688 2633 2578 2577 2576 2521 2466 2411 2356 2355 2354 2299 2244 2189 2134 2079 2024 2023 2022 2021 2020 2019 2018 1963 1908 1907 1906 1905 1904 1903 1902 1901 1900 1899 1898 1897 1896 1841 1786 1785 1730 1729 1674 1619 1564 1509 1454 1399 1344 1289 1234 1179 1124 1069 1014 959 904 849 848 847 792 791 790 735 680 679 678 677 676 621 566 565 564 509 454 453 452 451 450 449 448 447 446 445 
2859 2804 2749 2694 2639 2584 2529 2474 2419 2364 2309 2254 2199 2144 2089 2034 1979 1924 1869 1814 1759 1704 1649 1594 1593 1592 1591 1590 1589 1534 1479 1478 1423 1368 1313 1258 1203 1148 1147 1146 1145 1144 1089 1034 1033 1032 1031 1030 1029 1028 1027 1026 1025 1080 1135 1134 1133 1132 1131 1130 1075 1074 1073 1018 963 908 907 906 851 850 849 848 847 792 791 790 735 680 679 678 677 676 621 566 565 564 509 454 453 452 451 450 449 448 447 446 
2912 2911 2910 2909 2908 2853 2798 2743 2688 2633 2578 2577 2576 2521 2466 2411 2356 2355 2354 2299 2244 2189 2134 2079 2024 2023 2022 2021 2020 2019 2018 1963 1908 1907 1906 1905 1904 1903 1902 1901 1900 1899 1898 1897 1896 1841 1786 1785 1730 1729 1674 1619 1564 1509 1454 1399 1344 1289 1234 1179 1124 1069 1014 959 904 849 848 847 792 791 790 735 680 679 678 677 676 621 566 565 564 509 454 453 452 451 450 449 448 447 
2911 2910 2909 2908 2853 2798 2743 2688 2633 2578 2577 2576 2521 2466 2411 2356 2355 2354 2299 2244 2189 2134 2079 2024 2023 2022 2021 2020 2019 2018 1963 1908 1907 1906 1905 1904 1903 1902 1901 1900 1899 1898 1897 1896 1841 1786 1785 1730 1729 1674 1619 1564 1509 1454 1399 1344 1289 1234 1179 1124 1069 1014 959 904 849 848 847 792 791 790 735 680 679 678 677 676 621 566 565 564 509 454 453 452 451 450 449 448 
2912 2911 2910 2909 2908 2853 2798 2743 2688 2633 2578 2577 2576 2521 2466 2411 2356 2355 2354 2299 2244 2189 2134 2079 2024 2023 2022 2021 2020 2019 2018 1963 1908 1907 1906 1905 1904 1903 1902 1901 1900 1899 1898 1897 1896 1841 1786 1785 1730 1729 1674 1619 1564 1509 1454 1399 1344 1289 1234 1179 1124 1069 1014 959 904 849 848 847 792 791 790 735 680 679 678 677 676 621 566 565 564 509 454 453 452 451 450 449 
2859 2804 2749 2694 2639 2584 2529 2474 2419 2364 2309 2254 2199 2144 2089 2034 1979 1924 1869 1814 1759 1704 1649 1594 1593 1592 1591 1590 1589 1534 1479 1478 1423 1368 1313 1258 1203 1148 1147 1146 1145 1144 1089 1034 1033 1032 1031 1030 1029 1028 1027 1026 1025 1080 1135 1134 1133 1132 1131 1130 1075 1074 1073 1018 963 908 907 906 851 850 849 848 847 792 791 790 735 680 679 678 677 676 621 566 565 564 509 454 453 452 451 450 
2914 2859 2804 2749 2694 2639 2584 2529 2474 2419 2364 2309 2254 2199 2144 2089 2034 1979 1924 1869 1814 1759 1704 1649 1594 1593 1592 1591 1590 1589 1534 1479 1478 1423 1368 1313 1258 1203 1148 1147 1146 1145 1144 1089 1034 1033 1032 1031 1030 1029 1028 1027 1026 1025 1080 1135 1134 1133 1132 1131 1130 1075 1074 1073 1018 963 908 907 906 851 850 849 848 847 792 791 790 735 680 679 678 677 676 621 566 565 564 509 454 453 452 451 
3023 3022 2967 2912 2911 2910 2909 2908 2853 2798 2743 2688 2633 2578 2577 2576 2521 2466 2411 2356 2355 2354 2299 2244 2189 2134 2079 2024 2023 2022 2021 2020 2019 2018 1963 1908 1907 1906 1905 1904 1903 1902 1901 1900 1899 1898 1897 1896 1841 1786 1785 1730 1729 1674 1619 1564 1509 1454 1399 1344 1289 1234 1179 1124 1069 1014 959 904 849 848 847 792 791 790 735 680 679 678 677 676 621 566 565 564 509 454 453 452 
3022 2967 2912 2911 2910 2909 2908 2853 2798 2743 2688 2633 2578 2577 2576 2521 2466 2411 2356 2355 2354 2299 2244 2189 2134 2079 2024 2023 2022 2021 2020 2019 2018 1963 1908 1907 1906 1905 1904 1903 1902 1901 1900 1899 1898 1897 1896 1841 1786 1785 1730 1729 1674 1619 1564 1509 1454 1399 1344 1289 1234 1179 1124 1069 1014 959 904 849 848 847 792 791 790 735 680 679 678 677 676 621 566 565 564 509 454 453 
2967 2912 2911 2910 2909 2908 2853 2798 2743 2688 2633 2578 2577 2576 2521 2466 2411 2356 2355 2354 2299 2244 2189 2134 2079 2024 2023 2022 2021 2020 2019 2018 1963 1908 1907 1906 1905 1904 1903 1902 1901 1900 1899 1898 1897 1896 1841 1786 1785 1730 1729 1674 1619 1564 1509 1454 1399 1344 1289 1234 1179 1124 1069 1014 959 904 849 848 847 792 791 790 735 680 679 678 677 676 621 566 565 564 509 454 
2912 2911 2910 2909 2908 2853 2798 2743 2688 2633 2578 2577 2576 2521 2466 2411 2356 2355 2354 2299 2244 2189 2134 2079 2024 2023 2022 2021 2020 2019 2018 1963 1908 1907 1906 1905 1904 1903 1902 1901 1900 1899 1898 1897 1896 1841 1786 1785 1730 1729 1674 1619 1564 1509 1454 1399 1344 1289 1234 1179 1124 1069 1014 959 904 849 848 847 792 791 790 735 680 679 678 677 676 621 566 565 564 509 
2911 2910 2909 2908 2853 2798 2743 2688 2633 2578 2577 2576 2521 2466 2411 2356 2355 2354 2299 2244 2189 2134 2079 2024 2023 2022 2021 2020 2019 2018 1963 1908 1907 1906 1905 1904 1903 1902 1901 1900 1899 1898 1897 1896 1841 1786 1785 1730 1729 1674 1619 1564 1509 1454 1399 1344 1289 1234 1179 1124 1069 1014 959 904 849 848 847 792 791 790 735 680 679 678 677 676 621 566 565 564 
2912 2911 2910 2909 2908 2853 2798 2743 2688 2633 2578 2577 2576 2521 2466 2411 2356 2355 2354 2299 2244 2189 2134 2079 2024 2023 2022 2021 2020 2019 2018 1963 1908 1907 1906 1905 1904 1903 1902 1901 1900 1899 1898 1897 1896 1841 1786 1785 1730 1729 1674 1619 1564 1509 1454 1399 1344 1289 1234 1179 1124 1069 1014 959 904 849 848 847 792 791 790 735 680 679 678 677 676 621 566 565 
2911 2910 2909 2908 2853 2798 2743 2688 2633 2578 2577 2576 2521 2466 2411 2356 2355 2354 2299 2244 2189 2134 2079 2024 2023 2022 2021 2020 2019 2018 1963 1908 1907 1906 1905 1904 1903 1902 1901 1900 1899 1898 1897 1896 1841 1786 1785 1730 1729 1674 1619 1564 1509 1454 1399 1344 1289 1234 1179 1124 1069 1014 959 904 849 848 847 792 791 790 735 680 679 678 677 676 621 566 
2910 2909 2908 2853 2798 2743 2688 2633 2578 2577 2576 2521 2466 2411 2356 2355 2354 2299 2244 2189 2134 2079 2024 2023 2022 2021 2020 2019 2018 1963 1908 1907 1906 1905 1904 1903 1902 1901 1900 1899 1898 1897 1896 1841 1786 1785 1730 1729 1674 1619 1564 1509 1454 1399 1344 1289 1234 1179 1124 1069 1014 959 904 849 848 847 792 791 790 735 680 679 678 677 676 621 
2909 2908 2853 2798 2743 2688 2633 2578 2577 2576 2521 2466 2411 2356 2355 2354 2299 2244 2189 2134 2079 2024 2023 2022 2021 2020 2019 2018 1963 1908 1907 1906 1905 1904 1903 1902 1901 1900 1899 1898 1897 1896 1841 1786 1785 1730 1729 1674 1619 1564 1509 1454 1399 1344 1289 1234 1179 1124 1069 1014 959 904 849 848 847 792 791 790 735 680 679 678 677 676 
2910 2909 2908 2853 2798 2743 2688 2633 2578 2577 2576 2521 2466 2411 2356 2355 2354 2299 2244 2189 2134 2079 2024 2023 2022 2021 2020 2019 2018 1963 1908 1907 1906 1905 1904 1903 1902 1901 1900 1899 1898 1897 1896 1841 1786 1785 1730 1729 1674 1619 1564 1509 1454 1399 1344 1289 1234 1179 1124 1069 1014 959 904 849 848 847 792 791 790 735 680 679 678 677 
2909 2908 2853 2798 2743 2688 2633 2578 2577 2576 2521 2466 2411 2356 2355 2354 2299 2244 2189 2134 2079 2024 2023 2022 2021 2020 2019 2018 1963 1908 1907 1906 1905 1904 1903 1902 1901 1900 1899 1898 1897 1896 1841 1786 1785 1730 1729 1674 1619 1564 1509 1454 1399 1344 1289 1234 1179 1124 1069 1014 959 904 849 848 847 792 791 790 735 680 679 678 
2910 2909 2908 2853 2798 2743 2688 2633 2578 2577 2576 2521 2466 2411 2356 2355 2354 2299 2244 2189 2134 2079 2024 2023 2022 2021 2020 2019 2018 1963 1908 1907 1906 1905 1904 1903 1902 1901 1900 1899 1898 1897 1896 1841 1786 1785 1730 1729 1674 1619 1564 1509 1454 1399 1344 1289 1234 1179 1124 1069 1014 959 904 849 848 847 792 791 790 735 680 679 
2911 2910 2909 2908 2853 2798 2743 2688 2633 2578 2577 2576 2521 2466 2411 2356 2355 2354 2299 2244 2189 2134 2079 2024 2023 2022 2021 2020 2019 2018 1963 1908 1907 1906 1905 1904 1903 1902 1901 1900 1899 1898 1897 1896 1841 1786 1785 1730 1729 1674 1619 1564 1509 1454 1399 1344 1289 1234 1179 1124 1069 1014 959 904 849 848 847 792 791 790 735 680 
2912 2911 2910 2909 2908 2853 2798 2743 2688 2633 2578 2577 2576 2521 2466 2411 2356 2355 2354 2299 2244 2189 2134 2079 2024 2023 2022 2021 2020 2019 2018 1963 1908 1907 1906 1905 1904 1903 1902 1901 1900 1899 1898 1897 1896 1841 1786 1785 1730 1729 1674 1619 1564 1509 1454 1399 1344 1289 1234 1179 1124 1069 1014 959 904 849 848 847 792 791 790 735 
2859 2804 2749 2694 2639 2584 2529 2474 2419 2364 2309 2254 2199 2144 2089 2034 1979 1924 1869 1814 1759 1704 1649 1594 1593 1592 1591 1590 1589 1534 1479 1478 1423 1368 1313 1258 1203 1148 1147 1146 1145 1144 1089 1034 1033 1032 1031 1030 1029 1028 1027 1026 1025 1080 1135 1134 1133 1132 1131 1130 1075 1074 1073 1018 963 908 907 906 851 850 849 848 847 792 791 790 
2912 2911 2910 2909 2908 2853 2798 2743 2688 2633 2578 2577 2576 2521 2466 2411 2356 2355 2354 2299 2244 2189 2134 2079 2024 2023 2022 2021 2020 2019 2018 1963 1908 1907 1906 1905 1904 1903 1902 1901 1900 1899 1898 1897 1896 1841 1786 1785 1730 1729 1674 1619 1564 1509 1454 1399 1344 1289 1234 1179 1124 1069 1014 959 904 849 848 847 792 791 
2859 2804 2749 2694 2639 2584 2529 2474 2419 2364 2309 2254 2199 2144 2089 2034 1979 1924 1869 1814 1759 1704 1649 1594 1593 1592 1591 1590 1589 1534 1479 1478 1423 1368 1313 1258 1203 1148 1147 1146 1145 1144 1089 1034 1033 1032 1031 1030 1029 1028 1027 1026 1025 1080 1135 1134 1133 1132 1131 1130 1075 1074 1073 1018 963 908 907 906 851 850 849 848 847 792 
2912 2911 2910 2909 2908 2853 2798 2743 2688 2633 2578 2577 2576 2521 2466 2411 2356 2355 2354 2299 2244 2189 2134 2079 2024 2023 2022 2021 2020 2019 2018 1963 1908 1907 1906 1905 1904 1903 1902 1901 1900 1899 1898 1897 1896 1841 1786 1785 1730 1729 1674 1619 1564 1509 1454 1399 1344 1289 1234 1179 1124 1069 1014 959 904 849 848 847 
2911 2910 2909 2908 2853 2798 2743 2688 2633 2578 2577 2576 2521 2466 2411 2356 2355 2354 2299 2244 2189 2134 2079 2024 2023 2022 2021 2020 2019 2018 1963 1908 1907 1906 1905 1904 1903 1902 1901 1900 1899 1898 1897 1896 1841 1786 1785 1730 1729 1674 1619 1564 1509 1454 1399 1344 1289 1234 1179 1124 1069 1014 959 904 849 848 
2910 2909 2908 2853 2798 2743 2688 2633 2578 2577 2576 2521 2466 2411 2356 2355 2354 2299 2244 2189 2134 2079 2024 2023 2022 2021 2020 2019 2018 1963 1908 1907 1906 1905 1904 1903 1902 1901 1900 1899 1898 1897 1896 1841 1786 1785 1730 1729 1674 1619 1564 1509 1454 1399 1344 1289 1234 1179 1124 1069 1014 959 904 849 
2909 2908 2853 2798 2743 2688 2633 2578 2577 2576 2521 2466 2411 2356 2355 2354 2299 2244 2189 2134 2079 2024 2023 2022 2021 2020 2019 2018 1963 1908 1907 1906 1905 1904 1903 1902 1901 1900 1899 1898 1897 1896 1841 1786 1785 1730 1729 1674 1619 1564 1509 1454 1399 1344 1289 1234 1179 1124 1069 1014 959 904 
2910 2909 2908 2853 2798 2743 2688 2633 2578 2577 2576 2521 2466 2411 2356 2355 2354 2299 2244 2189 2134 2079 2024 2023 2022 2021 2020 2019 2018 1963 1908 1907 1906 1905 1904 1903 1902 1901 1900 1899 1898 1897 1896 1841 1786 1785 1730 1729 1674 1619 1564 1509 1454 1399 1344 1289 1234 1179 1124 1069 1014 959 
2911 2910 2909 2908 2853 2798 2743 2688 2633 2578 2577 2576 2521 2466 2411 2356 2355 2354 2299 2244 2189 2134 2079 2024 2023 2022 2021 2020 2019 2018 1963 1908 1907 1906 1905 1904 1903 1902 1901 1900 1899 1898 1897 1896 1841 1786 1785 1730 1729 1674 1619 1564 1509 1454 1399 1344 1289 1234 1179 1124 1069 1014 
2912 2911 2910 2909 2908 2853 2798 2743 2688 2633 2578 2577 2576 2521 2466 2411 2356 2355 2354 2299 2244 2189 2134 2079 2024 2023 2022 2021 2020 2019 2018 1963 1908 1907 1906 1905 1904 1903 1902 1901 1900 1899 1898 1897 1896 1841 1786 1785 1730 1729 1674 1619 1564 1509 1454 1399 1344 1289 1234 1179 1124 1069 
2911 2910 2909 2908 2853 2798 2743 2688 2633 2578 2577 2576 2521 2466 2411 2356 2355 2354 2299 2244 2189 2134 2079 2024 2023 2022 2021 2020 2019 2018 1963 1908 1907 1906 1905 1904 1903 1902 1901 1900 1899 1898 1897 1896 1841 1786 1785 1730 1729 1674 1619 1564 1509 1454 1399 1344 1289 1234 1179 1124 
2910 2909 2908 2853 2798 2743 2688 2633 2578 2577 2576 2521 2466 2411 2356 2355 2354 2299 2244 2189 2134 2079 2024 2023 2022 2021 2020 2019 2018 1963 1908 1907 1906 1905 1904 1903 1902 1901 1900 1899 1898 1897 1896 1841 1786 1785 1730 1729 1674 1619 1564 1509 1454 1399 1344 1289 1234 1179 
2909 2908 2853 2798 2743 2688 2633 2578 2577 2576 2521 2466 2411 2356 2355 2354 2299 2244 2189 2134 2079 2024 2023 2022 2021 2020 2019 2018 1963 1908 1907 1906 1905 1904 1903 1902 1901 1900 1899 1898 1897 1896 1841 1786 1785 1730 1729 1674 1619 1564 1509 1454 1399 1344 1289 1234 
2910 2909 2908 2853 2798 2743 2688 2633 2578 2577 2576 2521 2466 2411 2356 2355 2354 2299 2244 2189 2134 2079 2024 2023 2022 2021 2020 2019 2018 1963 1908 1907 1906 1905 1904 1903 1902 1901 1900 1899 1898 1897 1896 1841 1786 1785 1730 1729 1674 1619 1564 1509 1454 1399 1344 1289 
2911 2910 2909 2908 2853 2798 2743 2688 2633 2578 2577 2576 2521 2466 2411 2356 2355 2354 2299 2244 2189 2134 2079 2024 2023 2022 2021 2020 2019 2018 1963 1908 1907 1906 1905 1904 1903 1902 1901 1900 1899 1898 1897 1896 1841 1786 1785 1730 1729 1674 1619 1564 1509 1454 1399 1344 
2910 2909 2908 2853 2798 2743 2688 2633 2578 2577 2576 2521 2466 2411 2356 2355 2354 2299 2244 2189 2134 2079 2024 2023 2022 2021 2020 2019 2018 1963 1908 1907 1906 1905 1904 1903 1902 1901 1900 1899 1898 1897 1896 1841 1786 1785 1730 1729 1674 1619 1564 1509 1454 1399 
2911 2910 2909 2908 2853 2798 2743 2688 2633 2578 2577 2576 2521 2466 2411 2356 2355 2354 2299 2244 2189 2134 2079 2024 2023 2022 2021 2020 2019 2018 1963 1908 1907 1906 1905 1904 1903 1902 1901 1900 1899 1898 1897 1896 1841 1786 1785 1730 1729 1674 1619 1564 1509 1454 
2910 2909 2908 2853 2798 2743 2688 2633 2578 2577 2576 2521 2466 2411 2356 2355 2354 2299 2244 2189 2134 2079 2024 2023 2022 2021 2020 2019 2018 1963 1908 1907 1906 1905 1904 1903 1902 1901 1900 1899 1898 1897 1896 1841 1786 1785 1730 1729 1674 1619 1564 1509 
2911 2910 2909 2908 2853 2798 2743 2688 2633 2578 2577 2576 2521 2466 2411 2356 2355 2354 2299 2244 2189 2134 2079 2024 2023 2022 2021 2020 2019 2018 1963 1908 1907 1906 1905 1904 1903 1902 1901 1900 1899 1898 1897 1896 1841 1786 1785 1730 1729 1674 1619 1564 
2910 2909 2908 2853 2798 2743 2688 2633 2578 2577 2576 2521 2466 2411 2356 2355 2354 2299 2244 2189 2134 2079 2024 2023 2022 2021 2020 2019 2018 1963 1908 1907 1906 1905 1904 1903 1902 1901 1900 1899 1898 1897 1896 1841 1786 1785 1730 1729 1674 1619 
2911 2910 2909 2908 2853 2798 2743 2688 2633 2578 2577 2576 2521 2466 2411 2356 2355 2354 2299 2244 2189 2134 2079 2024 2023 2022 2021 2020 2019 2018 1963 1908 1907 1906 1905 1904 1903 1902 1901 1900 1899 1898 1897 1896 1841 1786 1785 1730 1729 1674 
2912 2911 2910 2909 2908 2853 2798 2743 2688 2633 2578 2577 2576 2521 2466 2411 2356 2355 2354 2299 2244 2189 2134 2079 2024 2023 2022 2021 2020 2019 2018 1963 1908 1907 1906 1905 1904 1903 1902 1901 1900 1899 1898 1897 1896 1841 1786 1785 1730 1729 
2911 2910 2909 2908 2853 2798 2743 2688 2633 2578 2577 2576 2521 2466 2411 2356 2355 2354 2299 2244 2189 2134 2079 2024 2023 2022 2021 2020 2019 2018 1963 1908 1907 1906 1905 1904 1903 1902 1901 1900 1899 1898 1897 1896 1841 1786 1785 1730 
2910 2909 2908 2853 2798 2743 2688 2633 2578 2577 2576 2521 2466 2411 2356 2355 2354 2299 2244 2189 2134 2079 2024 2023 2022 2021 2020 2019 2018 1963 1908 1907 1906 1905 1904 1903 1902 1901 1900 1899 1898 1897 1896 1841 1786 1785 
2965 2910 2909 2908 2853 2798 2743 2688 2633 2578 2577 2576 2521 2466 2411 2356 2355 2354 2299 2244 2189 2134 2079 2024 2023 2022 2021 2020 2019 2018 1963 1908 1907 1906 1905 1904 1903 1902 1901 1900 1899 1898 1897 1896 1841 1786 
3020 2965 2910 2909 2908 2853 2798 2743 2688 2633 2578 2577 2576 2521 2466 2411 2356 2355 2354 2299 2244 2189 2134 2079 2024 2023 2022 2021 2020 2019 2018 1963 1908 1907 1906 1905 1904 1903 1902 1901 1900 1899 1898 1897 1896 1841 
3019 3020 2965 2910 2909 2908 2853 2798 2743 2688 2633 2578 2577 2576 2521 2466 2411 2356 2355 2354 2299 2244 2189 2134 2079 2024 2023 2022 2021 2020 2019 2018 1963 1908 1907 1906 1905 1904 1903 1902 1901 1900 1899 1898 1897 1896 
3020 2965 2910 2909 2908 2853 2798 2743 2688 2633 2578 2577 2576 2521 2466 2411 2356 2355 2354 2299 2244 2189 2134 2079 2024 2023 2022 2021 2020 2019 2018 1963 1908 1907 1906 1905 1904 1903 1902 1901 1900 1899 1898 1897 
2965 2910 2909 2908 2853 2798 2743 2688 2633 2578 2577 2576 2521 2466 2411 2356 2355 2354 2299 2244 2189 2134 2079 2024 2023 2022 2021 2020 2019 2018 1963 1908 1907 1906 1905 1904 1903 1902 1901 1900 1899 1898 
2910 2909 2908 2853 2798 2743 2688 2633 2578 2577 2576 2521 2466 2411 2356 2355 2354 2299 2244 2189 2134 2079 2024 2023 2022 2021 2020 2019 2018 1963 1908 1907 1906 1905 1904 1903 1902 1901 1900 1899 
2965 2910 2909 2908 2853 2798 2743 2688 2633 2578 2577 2576 2521 2466 2411 2356 2355 2354 2299 2244 2189 2134 2079 2024 2023 2022 2021 2020 2019 2018 1963 1908 1907 1906 1905 1904 1903 1902 1901 1900 
2910 2909 2908 2853 2798 2743 2688 2633 2578 2577 2576 2521 2466 2411 2356 2355 2354 2299 2244 2189 2134 2079 2024 2023 2022 2021 2020 2019 2018 1963 1908 1907 1906 1905 1904 1903 1902 1901 
2911 2910 2909 2908 2853 2798 2743 2688 2633 2578 2577 2576 2521 2466 2411 2356 2355 2354 2299 2244 2189 2134 2079 2024 2023 2022 2021 2020 2019 2018 1963 1908 1907 1906 1905 1904 1903 1902 
2910 2909 2908 2853 2798 2743 2688 2633 2578 2577 2576 2521 2466 2411 2356 2355 2354 2299 2244 2189 2134 2079 2024 2023 2022 2021 2020 2019 2018 1963 1908 1907 1906 1905 1904 1903 
2909 2908 2853 2798 2743 2688 2633 2578 2577 2576 2521 2466 2411 2356 2355 2354 2299 2244 2189 2134 2079 2024 2023 2022 2021 2020 2019 2018 1963 1908 1907 1906 1905 1904 
2910 2909 2908 2853 2798 2743 2688 2633 2578 2577 2576 2521 2466 2411 2356 2355 2354 2299 2244 2189 2134 2079 2024 2023 2022 2021 2020 2019 2018 1963 1908 1907 1906 1905 
2965 2910 2909 2908 2853 2798 2743 2688 2633 2578 2577 2576 2521 2466 2411 2356 2355 2354 2299 2244 2189 2134 2079 2024 2023 2022 2021 2020 2019 2018 1963 1908 1907 1906 
3020 2965 2910 2909 2908 2853 2798 2743 2688 2633 2578 2577 2576 2521 2466 2411 2356 2355 2354 2299 2244 2189 2134 2079 2024 2023 2022 2021 2020 2019 2018 1963 1908 1907 
3019 3020 2965 2910 2909 2908 2853 2798 2743 2688 2633 2578 2577 2576 2521 2466 2411 2356 2355 2354 2299 2244 2189 2134 2079 2024 2023 2022 2021 2020 2019 2018 1963 1908 
3020 2965 2910 2909 2908 2853 2798 2743 2688 2633 2578 2577 2576 2521 2466 2411 2356 2355 2354 2299 2244 2189 2134 2079 2024 2023 2022 2021 2020 2019 2018 1963 
2965 2910 2909 2908 2853 2798 2743 2688 2633 2578 2577 2576 2521 2466 2411 2356 2355 2354 2299 2244 2189 2134 2079 2024 2023 2022 2021 2020 2019 2018 
3020 2965 2910 2909 2908 2853 2798 2743 2688 2633 2578 2577 2576 2521 2466 2411 2356 2355 2354 2299 2244 2189 2134 2079 2024 2023 2022 2021 2020 2019 
3019 3020 2965 2910 2909 2908 2853 2798 2743 2688 2633 2578 2577 2576 2521 2466 2411 2356 2355 2354 2299 2244 2189 2134 2079 2024 2023 2022 2021 2020 
3020 2965 2910 2909 2908 2853 2798 2743 2688 2633 2578 2577 2576 2521 2466 2411 2356 2355 2354 2299 2244 2189 2134 2079 2024 2023 2022 2021 
2965 2910 2909 2908 2853 2798 2743 2688 2633 2578 2577 2576 2521 2466 2411 2356 2355 2354 2299 2244 2189 2134 2079 2024 2023 2022 
3020 2965 2910 2909 2908 2853 2798 2743 2688 2633 2578 2577 2576 2521 2466 2411 2356 2355 2354 2299 2244 2189 2134 2079 2024 2023 
2965 2910 2909 2908 2853 2798 2743 2688 2633 2578 2577 2576 2521 2466 2411 2356 2355 2354 2299 2244 2189 2134 2079 2024 
2910 2909 2908 2853 2798 2743 2688 2633 2578 2577 2576 2521 2466 2411 2356 2355 2354 2299 2244 2189 2134 2079 
2965 2910 2909 2908 2853 2798 2743 2688 2633 2578 2577 2576 2521 2466 2411 2356 2355 2354 2299 2244 2189 2134 
2910 2909 2908 2853 2798 2743 2688 2633 2578 2577 2576 2521 2466 2411 2356 2355 2354 2299 2244 2189 
2911 2910 2909 2908 2853 2798 2743 2688 2633 2578 2577 2576 2521 2466 2411 2356 2355 2354 2299 2244 
2910 2909 2908 2853 2798 2743 2688 2633 2578 2577 2576 2521 2466 2411 2356 2355 2354 2299 
2909 2908 2853 2798 2743 2688 2633 2578 2577 2576 2521 2466 2411 2356 2355 2354 
2910 2909 2908 2853 2798 2743 2688 2633 2578 2577 2576 2521 2466 2411 2356 2355 
2911 2910 2909 2908 2853 2798 2743 2688 2633 2578 2577 2576 2521 2466 2411 2356 
2910 2909 2908 2853 2798 2743 2688 2633 2578 2577 2576 2521 2466 2411 
2909 2908 2853 2798 2743 2688 2633 2578 2577 2576 2521 2466 
2910 2909 2908 2853 2798 2743 2688 2633 2578 2577 2576 2521 
2909 2908 2853 2798 2743 2688 2633 2578 2577 2576 
2910 2909 2908 2853 2798 2743 2688 2633 2578 2577 
2911 2910 2909 2908 2853 2798 2743 2688 2633 2578 
2910 2909 2908 2853 2798 2743 2688 2633 
2911 2910 2909 2908 2853 2798 2743 2688 
2912 2911 2910 2909 2908 2853 2798 2743 
2913 2912 2911 2910 2909 2908 2853 2798 
2914 2913 2912 2911 2910 2909 2908 2853 
3023 3022 2967 2912 2911 2910 2909 2908 
3022 2967 2912 2911 2910 2909 
3023 3022 2967 2912 2911 2910 
3022 2967 2912 2911 
3023 3022 2967 2912 
2914 2913 2912 2967 
2969 2914 2913 2912 
2914 2913 
